0 0.457476 0.507116 0.178554 0.263751
0 0.687085 0.658901 0.101311 0.201081
0 0.680212 0.654873 0.114238 0.213964
0 0.671214 0.659791 0.130633 0.208411
0 0.669799 0.655534 0.133968 0.215654
0 0.670223 0.655692 0.132985 0.217387
0 0.670096 0.654877 0.133554 0.215428
0 0.647516 0.640674 0.180302 0.210698
0 0.616022 0.244478 0.200755 0.168541
0 0.686361 0.647533 0.101773 0.205811
0 0.568201 0.349911 0.106911 0.146489
0 0.630283 0.0878887 0.193081 0.170453
0 0.557625 0.319531 0.129948 0.165978
0 0.536132 0.322787 0.141891 0.170911
0 0.574492 0.374272 0.163159 0.113674
0 0.619591 0.3809 0.127949 0.117668
0 0.598491 0.377096 0.170677 0.130235
0 0.649397 0.382646 0.112102 0.119711
0 0.620034 0.383638 0.166532 0.128034
0 0.632032 0.381825 0.155504 0.124159
0 0.647639 0.386833 0.116333 0.119718
0 0.623485 0.384676 0.166866 0.127444
0 0.648316 0.384199 0.107226 0.119721
0 0.64303 0.384523 0.108037 0.117971
0 0.63728 0.384162 0.107562 0.118384
0 0.636861 0.384509 0.107675 0.11909
0 0.640258 0.387598 0.10803 0.121503
0 0.642839 0.388911 0.107668 0.121635
0 0.645028 0.39223 0.10452 0.118549
0 0.645199 0.395598 0.102087 0.119173
0 0.645655 0.394732 0.103725 0.118104
0 0.638609 0.397692 0.111717 0.112991
0 0.638108 0.398106 0.107584 0.113972
0 0.644767 0.400821 0.106435 0.119592
0 0.646235 0.394653 0.101829 0.118513
0 0.646474 0.387549 0.110014 0.120151
0 0.621747 0.388646 0.161246 0.126392
0 0.648054 0.389653 0.107019 0.118211
0 0.65012 0.395905 0.105373 0.115747
0 0.646441 0.394926 0.102159 0.11721
0 0.64505 0.395009 0.103149 0.112269
0 0.642336 0.383912 0.10777 0.120676
0 0.621736 0.381016 0.14955 0.123866
0 0.653009 0.384385 0.11188 0.12467
0 0.65245 0.387016 0.109312 0.126077
0 0.651329 0.386734 0.107606 0.127338
0 0.655633 0.386247 0.108627 0.122986
0 0.628336 0.385127 0.16197 0.12651
0 0.637833 0.389765 0.149247 0.130177
0 0.651989 0.387655 0.11217 0.126175
0 0.650546 0.388756 0.110609 0.124715
0 0.650557 0.388789 0.110872 0.124604
0 0.651263 0.381766 0.110864 0.122831
0 0.630771 0.382549 0.150824 0.132293
0 0.655249 0.361924 0.116119 0.130915
0 0.704257 0.317291 0.141622 0.155381
0 0.727722 0.305308 0.153972 0.167345
0 0.73042 0.303881 0.157441 0.169372
0 0.731492 0.272032 0.159111 0.174663
0 0.733708 0.258187 0.159914 0.178142
0 0.735919 0.260064 0.160061 0.179661
0 0.748319 0.278463 0.163874 0.179818
0 0.750272 0.279072 0.165688 0.181605
0 0.751999 0.280252 0.164221 0.178034
0 0.742095 0.273303 0.163003 0.174675
0 0.739691 0.280443 0.163259 0.176009
0 0.736565 0.28023 0.163187 0.182799
0 0.735307 0.276926 0.161968 0.176179
0 0.732251 0.273468 0.161263 0.175755
0 0.729939 0.273281 0.160645 0.171646
0 0.728834 0.274285 0.162175 0.17443
0 0.728284 0.272268 0.163 0.176804
0 0.729134 0.266366 0.16273 0.17754
0 0.73158 0.267876 0.167243 0.179799
0 0.736604 0.269241 0.165349 0.183938
0 0.733175 0.260774 0.166946 0.184949
0 0.733068 0.260765 0.167992 0.184889
0 0.730672 0.261978 0.168503 0.183017
0 0.730806 0.260222 0.168665 0.182678
0 0.730021 0.254823 0.166875 0.181265
0 0.728699 0.255689 0.167095 0.180418
0 0.726752 0.260728 0.168517 0.185926
0 0.72542 0.260948 0.168231 0.185755
0 0.724504 0.260718 0.167801 0.180468
0 0.709884 0.25643 0.151357 0.172245
0 0.43402 0.213155 0.113491 0.226081
0 0.616247 0.243924 0.199904 0.167744
0 0.570224 0.439086 0.207495 0.194877
0 0.570648 0.43962 0.208027 0.196292
0 0.570907 0.439394 0.208726 0.196361
0 0.691824 0.655504 0.094561 0.2048
0 0.689508 0.657966 0.0975336 0.200273
0 0.69073 0.662687 0.0945447 0.195276
0 0.691925 0.659549 0.0925545 0.202705
0 0.692395 0.659057 0.0910603 0.201772
0 0.691388 0.66014 0.0933592 0.199887
0 0.69076 0.661734 0.0941025 0.196165
0 0.69071 0.660531 0.0940362 0.198928
0 0.69081 0.659653 0.0944887 0.191748
0 0.570746 0.438893 0.207743 0.194333
0 0.570854 0.439261 0.208252 0.195023
0 0.570758 0.438744 0.208407 0.195323
0 0.570074 0.438799 0.208514 0.19423
0 0.570086 0.438568 0.207956 0.193558
0 0.570089 0.438779 0.207768 0.192478
0 0.569937 0.438705 0.20817 0.194434
0 0.57033 0.438676 0.208314 0.195895
