0 0.457476 0.507116 0.178554 0.263751
0 0.109897 0.803091 0.219794 0.392419
0 0.114275 0.807279 0.22855 0.384299
0 0.127005 0.802383 0.254009 0.390083
0 0.118644 0.80295 0.237288 0.393371
0 0.116632 0.800718 0.233265 0.394611
0 0.115323 0.800029 0.230645 0.396192
0 0.116738 0.804189 0.233476 0.391124
0 0.116819 0.803124 0.233639 0.393048
0 0.116801 0.803599 0.233603 0.392308
0 0.11692 0.803837 0.233841 0.391598
0 0.116671 0.803869 0.233342 0.391601
0 0.116599 0.80385 0.233198 0.391895
0 0.116502 0.80392 0.233004 0.391443
0 0.117125 0.80308 0.234249 0.393024
0 0.116592 0.803045 0.233184 0.393407
0 0.115279 0.80351 0.230557 0.392337
0 0.115151 0.802941 0.230303 0.393561
0 0.116167 0.803298 0.232334 0.392497
0 0.11391 0.803756 0.227819 0.391722
0 0.113661 0.801567 0.227322 0.391971
0 0.113443 0.803137 0.226886 0.392925
0 0.114335 0.803418 0.228671 0.392419
0 0.115897 0.802344 0.231794 0.394384
0 0.116837 0.801957 0.233673 0.39515
0 0.122323 0.802346 0.244646 0.389787
0 0.117047 0.802161 0.234095 0.395019
0 0.118235 0.801671 0.23647 0.395952
0 0.117367 0.802909 0.234733 0.393568
0 0.116835 0.801383 0.23367 0.396815
0 0.117123 0.803085 0.234245 0.39333
0 0.116469 0.802578 0.232937 0.394322
0 0.11595 0.801773 0.231899 0.395678
0 0.116055 0.801468 0.23211 0.396482
0 0.1164 0.802963 0.2328 0.393569
0 0.11698 0.802204 0.233959 0.39498
0 0.117209 0.80086 0.234417 0.397798
0 0.116261 0.801895 0.232522 0.395755
0 0.11765 0.804293 0.235301 0.390699
0 0.118391 0.802733 0.236783 0.389153
0 0.109304 0.808427 0.218608 0.382071
0 0.894987 0.738645 0.210025 0.2846
0 0.869633 0.438309 0.173377 0.257534
0 0.881835 0.277212 0.203564 0.233171
0 0.877511 0.246733 0.201944 0.207162
0 0.859962 0.213136 0.21372 0.126399
0 0.895422 0.212991 0.14169 0.125346
0 0.842749 0.202918 0.205249 0.14448
0 0.872604 0.193522 0.13997 0.126685
0 0.830416 0.189861 0.201914 0.1236
0 0.865572 0.188745 0.133876 0.122315
0 0.834827 0.196113 0.20353 0.187213
0 0.822274 0.187969 0.200325 0.218738
0 0.819441 0.192779 0.195598 0.140016
0 0.80895 0.201372 0.196307 0.149139
0 0.832234 0.20913 0.127143 0.119009
0 0.792255 0.236261 0.185584 0.13011
0 0.831756 0.255373 0.12552 0.12268
0 0.917653 0.308416 0.164694 0.236807
0 0.77221 0.52068 0.186682 0.245458
0 0.764822 0.87618 0.232984 0.236665
0 0.778938 0.9396 0.25223 0.120627
0 0.784863 0.71925 0.2222 0.35012
0 0.889095 0.726121 0.21645 0.236984
0 0.88036 0.970037 0.232415 0.0592519
0 0.946244 0.66003 0.107512 0.214037
0 0.866519 0.0844929 0.252272 0.168946
0 0.865537 0.0864838 0.252022 0.172968
0 0.870645 0.0947239 0.258711 0.189209
0 0.296191 0.298317 0.234762 0.261995
0 0.871955 0.0932221 0.256091 0.186089
0 0.871769 0.09403 0.256463 0.187773
